10 -5427779.104889
10 -5386277.309119
10 -5393084.890543
10 -5349883.039512
10 -5324092.931482
2 -8147760.641545
2 -8147760.642105
2 -8147760.641442
2 -8147760.641886
2 -8147760.641719
3 -7264104.12752
3 -7264104.123784
3 -7264104.127059
3 -7264104.127079
3 -7264104.127621
4 -6713501.242701
4 -6713501.242847
4 -6713501.242815
4 -6713501.242698
4 -6713501.242685
5 -6338486.932653
5 -6565303.321764
5 -6338486.932882
5 -6521026.412617
5 -6338486.928218
6 -6148108.58801
6 -6191592.189486
6 -6190189.785806
6 -6190200.315339
6 -6145410.090349
7 -6005003.951659
7 -6007232.450642
7 -5874023.753051
7 -5896157.490036
7 -5957946.169795
8 -5722154.497504
8 -5865654.870143
8 -5727665.860986
8 -5691744.411477
8 -5714975.204296
9 -5541767.913089
9 -5633920.978355
9 -5587747.246122
9 -5653080.63074
9 -5581843.703593
